0.03796383738517761
0.4362584948539734
0.19919170439243317
0.4787318706512451
0.1945158690214157
0.0460941456258297
0.0895555317401886
-0.09087450802326202
0.12068264186382294
0.18952615559101105
0.045015882700681686
0.48433926701545715
0.24633565545082092
-0.07855337858200073
-0.04100760072469711
-0.45605117082595825
0.6745464205741882
0.04366933926939964
-0.3859121799468994
0.231535866856575
0.12107359617948532
0.32227450609207153
1.1334607601165771
0.21152500808238983
0.4799472689628601
0.28957974910736084
0.06457759439945221
0.0240414347499609
0.15041929483413696
0.2881668508052826
0.06718061119318008
0.26940423250198364
0.010063305497169495
0.3425041735172272
0.1636986881494522
0.20520326495170593
0.07511837035417557
0.11069799214601517
0.2657082974910736
0.12281160801649094
-0.04648466780781746
0.5106296539306641
0.14461340010166168
0.44509950280189514
0.3363865613937378
0.40719982981681824
-0.021049879491329193
1.1051894426345825
0.12309170514345169
0.31050923466682434
0.2301826775074005
0.36438196897506714
0.38058021664619446
0.1763124018907547
0.6309306621551514
-0.01375641580671072
0.2625085115432739
0.20362022519111633
0.3423619270324707
0.019062181934714317
0.1560906320810318
0.22937354445457458
-0.08738408237695694
0.03160208463668823
0.08618791401386261
0.2474765032529831
-0.007815410383045673
0.2236538678407669
0.2481573224067688
0.07183633744716644
-0.06600027531385422
-0.06808359175920486
-0.021012021228671074
0.4095114469528198
0.424874484539032
0.3053375780582428
-0.11383474618196487
0.024841124191880226
0.11445894837379456
0.007355460897088051
-0.04624602943658829
0.6348714828491211
-0.11420945823192596
0.6198551654815674
0.09275703877210617
-0.014664669521152973
0.46249863505363464
0.6338565349578857
-0.01784830167889595
0.13754650950431824
0.01215453539043665
0.19337594509124756
0.019084956496953964
0.08135497570037842
0.01710221916437149
0.04492122679948807
0.19129851460456848
0.20720410346984863
0.0017912887269631028
0.4554632306098938
0.38208261132240295
0.32587623596191406
-0.1008433997631073
0.5078392624855042
0.012523074634373188
0.5967321395874023
0.8065239787101746
0.4624665379524231
0.14344282448291779
0.009786018170416355
-0.038479823619127274
0.03171329200267792
0.13492794334888458
0.5540343523025513
0.1387939602136612
0.18506786227226257
0.03512554243206978
-0.1292296051979065
0.15486030280590057
0.06656947731971741
0.22698386013507843
-0.08072378486394882
0.5249170064926147
0.12117544561624527
0.02573791891336441
2.402116298675537
0.5469512343406677
-0.17378556728363037
0.10618562996387482
-0.04229262098670006
0.03761814907193184
0.2425871640443802
-0.07674279063940048
0.021944165229797363
0.48953601717948914
0.41474786400794983
0.0483410619199276
-0.03589432314038277
0.14444781839847565
-0.20988883078098297
0.26906144618988037
0.06145375221967697
0.004747622646391392
0.5872042179107666
0.2177296131849289
0.818513810634613
0.41793715953826904
0.04151361063122749
0.17567183077335358
0.9282845854759216
0.13974563777446747
0.36808517575263977
0.6795423030853271
-0.04661290720105171
0.6185349822044373
0.09913893789052963
0.3757805824279785
0.12078133970499039
0.7321153283119202
0.14217327535152435
-0.01589144393801689
0.49132952094078064
0.06945982575416565
0.16718028485774994
0.6832774877548218
0.36983633041381836
0.11703924834728241
0.004644836764782667
0.443950355052948
0.16501925885677338
0.12848135828971863
0.21826006472110748
0.7051624059677124
0.00413687527179718
0.1612386852502823
0.11173754185438156
-0.0008445322746410966
0.26191118359565735
0.07310305535793304
0.2620202302932739
0.015252533368766308
0.20889416337013245
0.3399108648300171
0.03935966268181801
0.09869853407144547
0.28094637393951416
0.13300015032291412
-0.09872885048389435
0.15865139663219452
-0.10977228730916977
-0.12899290025234222
0.150893896818161
0.13980746269226074
0.001936690416187048
0.10874544084072113
-0.1649673581123352
0.05612952634692192
0.17397265136241913
0.41816601157188416
0.11606781929731369
0.3529616892337799
0.8589737415313721
0.28839170932769775
0.1182815209031105
-0.05067330598831177
0.02879820577800274
0.13509882986545563
0.19382907450199127
-0.01931213214993477
0.5422094464302063
0.5367669463157654
0.4403652250766754
0.5065514445304871
0.3581152558326721
0.5300020575523376
0.511788547039032
0.20095713436603546
0.369986355304718
0.6012621521949768
0.004260984715074301
0.01901412010192871
-0.17977429926395416
0.06551108509302139
0.6466271877288818
0.24108752608299255
0.13174563646316528
0.6078782081604004
-0.004490135703235865
0.6037233471870422
0.29685670137405396
0.6362375020980835
0.33709585666656494
0.10049237310886383
0.41111913323402405
0.52909255027771
0.18213863670825958
0.23341771960258484
0.035865310579538345
0.09380848705768585
0.16784203052520752
0.09770356863737106
0.43544963002204895
0.03465038537979126
-0.07217976450920105
0.14837028086185455
-0.09336221218109131
0.4197629392147064
-0.004919425118714571
0.18956345319747925
0.5444674491882324
0.5332167148590088
0.36114808917045593
0.32762983441352844
0.5590870380401611
0.0020211345981806517
-0.0664871409535408
