-0.9705459475517273
-2.8069584369659424
-0.03706221655011177
-0.0795484110713005
-0.11592347919940948
0.025208234786987305
-0.07518117129802704
-1.4181327819824219
1.6453778743743896
-0.09897106140851974
-0.01606031134724617
-0.1282174438238144
-0.06583867222070694
-0.034534260630607605
-0.07432287931442261
-1.2976891994476318
-0.05052708089351654
0.012095951475203037
-0.10133453458547592
-1.1886850595474243
-0.1379578709602356
-0.049193356186151505
-0.07892269641160965
-0.04051528871059418
-0.0958038866519928
-0.07053542882204056
-1.9373959302902222
-0.08501561731100082
-0.13877913355827332
-0.1967894732952118
-0.12792807817459106
-2.009489059448242
-0.0475783534348011
-0.06043513864278793
-0.035067182034254074
-0.38430145382881165
-2.7822823524475098
0.6604912281036377
-0.16545091569423676
-2.1293416023254395
0.05427415296435356
-0.027443166822195053
-0.17029684782028198
-0.059280771762132645
-0.42148634791374207
-1.939352035522461
-1.2094006538391113
0.015337713062763214
-0.10810436308383942
-0.024822702631354332
-0.1502811163663864
-1.8515820503234863
-0.0928383320569992
-0.017699917778372765
-0.06997736543416977
-0.05818617716431618
-0.06303901225328445
-0.0721457451581955
-1.2677801847457886
-0.11756224930286407
-0.04407665506005287
-0.3258567154407501
0.05065885931253433
-0.014617436565458775
