0.04886027052998543
0.09721040725708008
0.002206617034971714
0.05781485140323639
0.006693411618471146
0.04081171378493309
0.025466037914156914
0.013353845104575157
0.03935769200325012
0.01033963542431593
0.025709446519613266
0.0686347633600235
0.0608072467148304
0.08668414503335953
-0.0024993123952299356
-0.003051365027204156
0.03594757243990898
0.05253051593899727
0.04932885617017746
0.13110029697418213
0.0012630802812054753
0.035568371415138245
-0.002810448408126831
0.04429909959435463
0.08905316889286041
0.027752459049224854
0.011546586640179157
0.012682192027568817
0.005107408855110407
0.008913174271583557
0.033995211124420166
0.022498099133372307
0.012772917747497559
0.04931912198662758
0.05264044925570488
0.0015428029000759125
0.007830915972590446
0.043661292642354965
0.09596894681453705
0.0838608518242836
0.017699945718050003
0.013519049622118473
0.06759452074766159
0.035661760717630386
0.007781294174492359
0.0558585599064827
0.03194204717874527
0.06342756003141403
0.04068264737725258
0.015546241775155067
0.06395609676837921
0.00857849046587944
0.018777742981910706
0.0975208654999733
0.03739089518785477
0.059224680066108704
0.03219873458147049
0.09547398239374161
0.04082731530070305
0.023029033094644547
0.05693131685256958
0.044627971947193146
0.010300977155566216
0.05145135149359703
0.03683952987194061
0.05374317616224289
0.06979189068078995
0.12540678679943085
0.07454760372638702
0.037549253553152084
0.03330416977405548
0.07377474009990692
0.012469083070755005
0.09540572017431259
0.02876913733780384
0.026224037632346153
0.038137760013341904
0.003939799964427948
-0.0005596298142336309
0.04511683061718941
0.03949558362364769
0.0012096937280148268
0.045329563319683075
0.04490214213728905
0.02790549211204052
0.029253600165247917
0.03458563983440399
0.027067840099334717
0.043901193886995316
0.026518039405345917
0.012616756372153759
0.036044891923666
0.05458353832364082
0.07840444892644882
0.04614274948835373
0.06404226273298264
0.0510600246489048
0.05868909880518913
0.03288520872592926
0.023939266800880432
0.02470521815121174
0.09353978931903839
0.004585166461765766
0.05953143537044525
0.09433061629533768
0.044192537665367126
0.024904809892177582
0.04398298263549805
0.029429936781525612
0.00046745402505621314
0.004954919684678316
0.006732306443154812
0.012409314513206482
0.05973334237933159
0.07590986788272858
0.0009415846434421837
0.03654845803976059
0.008640903048217297
0.002038278616964817
0.06695549190044403
0.02463994361460209
0.020151153206825256
0.04339272156357765
0.026313554495573044
0.014761238358914852
0.0056674727238714695
0.05237483233213425
0.0037523144856095314
0.018980232998728752
0.03862195089459419
0.021433966234326363
0.011225753463804722
0.055497292429208755
0.06262829899787903
0.05718335136771202
0.03771786019206047
0.027315855026245117
0.07460781931877136
0.05714665725827217
0.03984636068344116
0.039286330342292786
0.03419125825166702
0.020767491310834885
0.03792545571923256
0.09425561875104904
0.05132371559739113
-0.0035094707272946835
0.04132724553346634
0.021667391061782837
0.007464888039976358
0.03285465016961098
0.030431557446718216
0.09045753628015518
0.013455385342240334
0.0007641655392944813
0.14660614728927612
0.006166675593703985
0.018307620659470558
0.03488907217979431
0.07252153009176254
0.07627993077039719
0.0266483835875988
0.0018144563073292375
0.09383666515350342
0.032955508679151535
0.03173219412565231
0.08695975691080093
0.06197238340973854
0.06501118838787079
0.018826087936758995
0.03304300457239151
0.017411069944500923
0.05276530608534813
0.0071132308803498745
0.049753185361623764
0.031216470524668694
0.01573350839316845
0.06339453160762787
0.009666667319834232
0.017224105075001717
0.013408957980573177
0.0009633166482672095
0.010431353002786636
0.023035995662212372
0.00019757503469008952
0.04558869078755379
0.059323761612176895
0.010813579894602299
0.012120932340621948
0.019029300659894943
0.005192705895751715
0.029619092121720314
-0.0016521711368113756
0.021708257496356964
0.037129174917936325
0.002164045348763466
0.01778731681406498
0.046935249119997025
0.042686477303504944
0.010211443528532982
0.03138318657875061
0.008096445351839066
0.0132328812032938
0.06002319976687431
0.051173459738492966
0.0538969412446022
0.04799419268965721
0.019941290840506554
0.0642179474234581
0.025235695764422417
0.043277718126773834
0.020526833832263947
0.06981673836708069
0.004910794552415609
0.05847592279314995
0.008067636750638485
0.05190401151776314
0.011163526214659214
0.03687672317028046
0.015854965895414352
0.04380432516336441
0.009038020856678486
0.023096850141882896
0.018853800371289253
0.032245833426713943
0.012203756719827652
0.019121581688523293
0.04074616730213165
-0.0031620280351489782
0.018191875889897346
0.0417257659137249
0.0696898102760315
0.040148478001356125
0.045811545103788376
0.03728749603033066
0.03606455400586128
0.05571190267801285
0.05511699616909027
0.028165576979517937
0.0472814217209816
0.015134087763726711
0.03424295410513878
0.003594163339585066
0.07428398728370667
-0.0020610720384866
0.03702732175588608
0.013247581198811531
0.026382220908999443
0.01748691126704216
0.028939105570316315
0.029479293152689934
0.05547799915075302
0.04119063913822174
0.011737511493265629
0.022742493078112602
0.036134034395217896
0.010869717225432396
0.010307998396456242
0.01818920485675335
0.06212269887328148
0.037426166236400604
0.018920980393886566
0.04627141356468201
0.08589182794094086
0.02846859022974968
0.0029983825515955687
0.03817042335867882
0.010212593711912632
0.04188179597258568
0.016349276527762413
0.09259171038866043
0.010088711977005005
0.025300337001681328
0.06947573274374008
0.11521603912115097
0.0073668765835464
0.009670271538197994
0.02021624520421028
0.079095758497715
0.030449146404862404
0.015932928770780563
0.012969907373189926
0.07684771716594696
0.06520702689886093
0.028516992926597595
0.08563980460166931
0.04479668289422989
0.037483472377061844
0.11949905753135681
0.03071492724120617
0.07353459298610687
0.003487013280391693
0.02380756475031376
0.023723889142274857
0.036780908703804016
0.0066788592375814915
0.020466575399041176
0.055238258093595505
0.06132671609520912
0.002962252125144005
0.06796305626630783
0.03961793705821037
0.10977637767791748
0.02292870543897152
0.017822181805968285
0.016178268939256668
-0.00010916596511378884
0.0409700870513916
0.001902571995742619
0.02999206818640232
0.005571252666413784
0.011842550709843636
0.1829460710287094
0.02179882675409317
0.02606792002916336
0.03782971203327179
0.050306372344493866
0.036559779196977615
0.06235441192984581
0.0549902580678463
0.0485939122736454
0.07903753221035004
0.00629333034157753
0.05611170828342438
0.07155857980251312
0.037103090435266495
0.012276453897356987
0.022305645048618317
0.0009121627081185579
0.04595838859677315
0.029074402526021004
0.04102184250950813
0.06537667661905289
0.01055921707302332
0.05013841390609741
0.033116571605205536
0.027720727026462555
0.02440214343369007
0.055950917303562164
0.016210496425628662
0.02463064342737198
0.030697697773575783
0.09246841818094254
0.027747681364417076
0.035499051213264465
0.04610078036785126
0.014989797957241535
0.014558262191712856
0.02680271863937378
0.05860046669840813
0.04437163472175598
0.024972137063741684
0.05976129323244095
0.02949361689388752
0.06543336808681488
0.007821396924555302
0.07395560294389725
0.008473523892462254
0.04460711404681206
0.057855743914842606
0.08048918843269348
0.021900691092014313
0.025670792907476425
0.03894774988293648
0.015867063775658607
0.04387565702199936
0.010917562991380692
0.039984140545129776
0.0028690651524811983
0.12121178954839706
0.029863618314266205
0.02076059579849243
0.0446033738553524
0.0567573606967926
0.028326625004410744
0.0011598187265917659
0.02779548056423664
0.014169919304549694
0.04282891005277634
7.511774583690567e-06
0.018666798248887062
0.054737117141485214
0.02361464314162731
0.037344153970479965
0.03203263133764267
0.004265784285962582
0.0897187814116478
0.016797350719571114
0.025705426931381226
0.006292182020843029
0.020317865535616875
0.04041437432169914
0.0337473563849926
0.03587248921394348
0.06309232115745544
0.0647028237581253
0.017923736944794655
0.08717475831508636
0.03656527027487755
0.022970154881477356
0.06062819063663483
0.08886701613664627
0.005650358274579048
0.03950175642967224
0.02796601504087448
0.028154172003269196
0.056419290602207184
0.07936041057109833
0.030644888058304787
0.03566056117415428
0.0020616597030311823
0.09315827488899231
0.1715889722108841
0.031603630632162094
0.011360294185578823
0.02795093134045601
0.07127548009157181
0.04616892337799072
0.018359756097197533
0.030785996466875076
0.018956609070301056
0.04671556130051613
0.02751513198018074
0.04753721505403519
0.05299359932541847
0.04927870258688927
0.05611260235309601
0.03183136507868767
0.006317831110209227
0.07695471495389938
0.14454180002212524
0.014907922595739365
0.03237837925553322
0.06742669641971588
0.02200303040444851
0.028447728604078293
0.005308092571794987
0.05671532824635506
0.021373720839619637
0.023806480690836906
0.02971087209880352
0.04931662604212761
0.031608033925294876
0.06782448291778564
0.08601466566324234
0.007361221127212048
0.025511549785733223
0.026169193908572197
0.05674068629741669
-0.000841368455439806
0.08431839197874069
0.09967906773090363
0.03720732033252716
-0.002247300697490573
0.012655309401452541
0.01598598062992096
0.03522057086229324
0.025830905884504318
0.041772957891225815
0.046067848801612854
0.0004824021307285875
0.036521513015031815
0.024688182398676872
0.012457876466214657
0.010079622268676758
-0.014974560588598251
0.071897953748703
0.02732772007584572
0.020058343186974525
0.03495832160115242
0.07602857798337936
-0.007256542332470417
0.03385062888264656
0.010862166061997414
0.0794573575258255
0.03747444599866867
0.018692171201109886
0.003595855552703142
0.005922005046159029
0.07782008498907089
0.05668403580784798
0.03292722627520561
0.0004268482734914869
0.043855421245098114
0.03267528861761093
0.10842075198888779
0.0239839069545269
0.004864802118390799
0.04014286771416664
0.09082429856061935
0.016059143468737602
0.05289812758564949
0.06233619153499603
0.04868277162313461
0.06472906470298767
0.02478153258562088
0.07710576057434082
0.05379367619752884
0.032239772379398346
0.10658645629882812
-0.0006092602852731943
0.02098393812775612
0.033229779452085495
0.020877454429864883
0.039986856281757355
0.02209649048745632
0.010536103509366512
0.01685020513832569
0.01468502078205347
0.06496838480234146
0.02030208148062229
0.020840125158429146
0.05463552102446556
0.021222883835434914
0.041462019085884094
0.08694775402545929
0.0622861385345459
0.021245084702968597
0.037370599806308746
0.02755558118224144
0.024665869772434235
0.05828806385397911
0.05834709107875824
0.02879970334470272
0.023665165528655052
0.02312244288623333
0.022587977349758148
0.07162032276391983
0.03708934038877487
0.09841644018888474
0.005132169462740421
0.00758436881005764
0.04324381798505783
0.0031258331146091223
0.08625844866037369
-0.000965229410212487
0.030677374452352524
0.11547917872667313
0.04119023680686951
0.032888222485780716
0.04799027740955353
0.017195580527186394
0.06933919340372086
0.0822548195719719
0.028295006603002548
0.008968411013484001
0.014922749251127243
0.038397278636693954
0.08674657344818115
0.015933416783809662
0.07173401862382889
0.04640928655862808
0.003442228538915515
0.09744035452604294
0.06040412560105324
-0.0046804118901491165
0.05133815109729767
0.0024052970111370087
0.03163918852806091
0.0607622005045414
0.09506719559431076
0.04347563162446022
0.005409133620560169
0.007896505296230316
0.018764598295092583
0.0487142875790596
0.009867625311017036
0.01769966259598732
0.02010401524603367
0.03511395305395126
0.06750529259443283
0.07369624078273773
0.02728506177663803
0.040136635303497314
0.03171359375119209
0.07627889513969421
0.04304637759923935
0.03897877782583237
0.1569308638572693
0.026750370860099792
0.01914127729833126
-0.002422343473881483
0.004334408789873123
0.029421912506222725
-0.002671695314347744
0.008752317167818546
0.03712126985192299
0.01128662284463644
0.05295857414603233
-0.0014749451074749231
0.037779029458761215
0.015846682712435722
0.013154502026736736
0.018908170983195305
0.002460703020915389
0.060029298067092896
0.0350860133767128
0.07839209586381912
0.034140557050704956
0.05877267196774483
0.09863022714853287
0.01774309203028679
0.018125949427485466
0.0251499954611063
0.019461441785097122
0.014329453930258751
0.014651603996753693
0.006059837527573109
0.09593263268470764
0.010722863487899303
0.013153580948710442
0.07135097682476044
0.05433911830186844
0.011384489014744759
0.0488513708114624
0.09340249001979828
0.002132485853508115
0.014149820432066917
0.04925478249788284
0.04961458966135979
0.05031207948923111
0.019533146172761917
0.03304105997085571
0.054601386189460754
0.011749292723834515
0.041428036987781525
0.042601071298122406
0.055041439831256866
0.050171270966529846
0.0311282966285944
0.020700549706816673
0.01806102879345417
0.0039055885281413794
0.03301949426531792
0.1023482233285904
0.003835691139101982
0.01578715443611145
0.04076419770717621
0.08806398510932922
0.024098921567201614
0.05488600209355354
0.04467424005270004
0.029258770868182182
0.008382425643503666
0.007058936636894941
0.025222236290574074
0.005842023994773626
0.04155026003718376
0.07381849735975266
0.019013550132513046
0.07781887799501419
0.08502548187971115
0.013616073876619339
0.015655063092708588
0.007456035818904638
0.006944462191313505
0.03432774916291237
0.058451175689697266
0.08192525058984756
0.08561734110116959
0.02663951739668846
0.0072934566996991634
0.03521417826414108
0.011925513856112957
0.07454495131969452
0.014486257918179035
0.0430874340236187
0.006602540146559477
0.05065358430147171
0.05621587112545967
0.01949324831366539
0.05755038559436798
0.11073876172304153
0.027169954031705856
0.021298369392752647
0.04499030485749245
0.001322781783528626
0.05799439549446106
0.06562402844429016
-0.001084596267901361
0.010410039685666561
0.045266568660736084
0.0254176277667284
0.05427013337612152
0.02787412330508232
0.04165180027484894
0.02266165055334568
0.04650668054819107
0.03879556804895401
0.03635086491703987
0.00012100284948246554
0.05335754156112671
0.0020371442660689354
0.01285210344940424
0.030008500441908836
0.062462713569402695
0.03347398713231087
0.02416224032640457
0.007376816589385271
0.05022228881716728
0.05401523783802986
0.030128594487905502
0.053969889879226685
0.05449172109365463
0.06219557300209999
0.006517087109386921
0.04729627072811127
0.03290218114852905
0.014766921289265156
0.00305394665338099
0.03669076785445213
0.027189018204808235
0.14295752346515656
0.012229920364916325
0.04555507376790047
0.026744915172457695
0.05202248692512512
0.04756912961602211
0.010781964287161827
0.04700123146176338
0.06011875718832016
0.028061939403414726
0.013952797278761864
0.03806017339229584
0.12357500195503235
0.05631660297513008
0.04769366979598999
0.029056815430521965
0.05094307288527489
0.0160253643989563
0.010556787252426147
0.033333223313093185
0.07207991927862167
0.015606998465955257
0.039519838988780975
0.008070790208876133
0.02551116980612278
0.04804258421063423
0.05224863439798355
0.027140609920024872
0.05291096121072769
0.0258628036826849
-0.0011598977725952864
0.09715569764375687
0.015422726050019264
0.0545545294880867
0.012972526252269745
0.05357767269015312
0.037910524755716324
0.02911006286740303
0.1115918979048729
0.01865467056632042
-0.0006767562008462846
0.055605705827474594
0.07467624545097351
0.06751702725887299
0.03848785534501076
0.046891674399375916
0.03007754683494568
0.03730236366391182
0.08213642239570618
0.026659876108169556
0.01790091022849083
0.05191301181912422
0.06596029549837112
0.038185860961675644
0.040725454688072205
0.02034071460366249
0.04295700788497925
0.06128613278269768
0.035006333142519
0.015749188140034676
0.01667572744190693
0.02724624052643776
0.015374978072941303
0.030801743268966675
0.03215731307864189
0.0169450044631958
0.05087342485785484
0.04225006699562073
0.019685542210936546
0.04934166371822357
0.04012797400355339
0.04778873920440674
0.01031735073775053
-0.002579229651018977
0.029853761196136475
0.014556503854691982
0.04935801401734352
0.05559823662042618
0.008271920494735241
0.046671971678733826
0.023757554590702057
0.044722780585289
0.022190826013684273
0.05096499249339104
0.026308735832571983
0.008516759611666203
0.044751185923814774
0.041190870106220245
0.12611939013004303
0.03686126694083214
0.04826939105987549
0.030941378325223923
0.019029755145311356
0.021434711292386055
0.023474086076021194
0.023422176018357277
0.04343270882964134
0.06891243159770966
0.004168245941400528
0.020109301432967186
0.03569890558719635
0.017684249207377434
0.022171353921294212
0.01620675064623356
0.0517302043735981
0.008592923171818256
0.00902229081839323
0.06842032074928284
0.01165695022791624
0.05424570292234421
0.0071301693096756935
0.000602152431383729
0.04426074028015137
0.05227452516555786
0.00494170468300581
0.03507896885275841
0.0693700760602951
0.028550004586577415
0.043583083897829056
0.005224329419434071
0.06171270087361336
0.010964985005557537
0.01552499644458294
0.045380398631095886
0.052330031991004944
0.037135593593120575
0.04623549431562424
0.07303347438573837
0.051554225385189056
0.04127811640501022
0.03979526460170746
0.007376356516033411
0.03107556514441967
0.02590026706457138
0.00453021889552474
0.02889586240053177
0.02606266736984253
0.07208654284477234
0.04199998825788498
0.009081621654331684
0.08825334161520004
0.030044078826904297
0.023622730746865273
0.0271286778151989
0.017797470092773438
0.02939465269446373
0.0345359705388546
0.1116132140159607
0.05683733522891998
0.021146131679415703
0.006715552415698767
0.003817770630121231
0.036447349935770035
0.003050080966204405
0.008848773315548897
0.019885828718543053
0.031470444053411484
0.030161356553435326
0.11382129788398743
0.02203994058072567
0.0839288979768753
0.10067359358072281
0.10997304320335388
0.05909828096628189
0.02885003760457039
0.06329546123743057
0.048666663467884064
0.030512597411870956
0.008942789398133755
0.03210143744945526
0.015084237791597843
0.01811673678457737
0.042456597089767456
0.03207850456237793
0.0262147244066
0.029727641493082047
0.018815405666828156
0.03055456094443798
0.04369466379284859
-0.002244032686576247
0.05756009742617607
0.10866983979940414
0.04432196170091629
0.04587142542004585
0.03811553493142128
0.013268479146063328
0.0886475220322609
0.02876553125679493
0.006323031149804592
0.008597851730883121
0.014654667116701603
0.03334607928991318
0.03170451894402504
0.03550133854150772
0.04830548167228699
0.04685727879405022
0.01009884849190712
0.0022451328113675117
0.01820920966565609
0.0033139504957944155
0.039318520575761795
0.12584741413593292
0.01998596079647541
0.0429871641099453
0.0778266116976738
0.015181017108261585
0.009018315002322197
0.01420905627310276
0.05073574557900429
0.020164789631962776
0.038821328431367874
0.08254773914813995
0.04155215248465538
0.0872742310166359
0.006143858190625906
0.09095536172389984
0.038396213203668594
0.04630940407514572
0.042022012174129486
0.015193401835858822
0.01622099056839943
0.037210285663604736
0.04642647132277489
0.014378845691680908
-0.0021617610473185778
0.02498023398220539
0.022933291271328926
0.031029583886265755
0.04013621807098389
0.022214755415916443
0.010955896228551865
-0.0017458994407206774
0.014649851247668266
0.008444643579423428
0.0321686714887619
0.06452420353889465
0.062266528606414795
0.0552254393696785
0.04889523237943649
0.10105524957180023
0.013786271214485168
0.021769646555185318
0.054404012858867645
-0.0004931751172989607
0.006231291685253382
-0.001543734804727137
0.03826647624373436
0.016036419197916985
0.035513658076524734
-0.0031828265637159348
0.030020002275705338
0.05477501079440117
0.061648838222026825
0.023752715438604355
0.030118422582745552
0.04228680208325386
0.03477785736322403
0.026906445622444153
0.11154790967702866
0.05043415725231171
0.07809402793645859
0.0267056692391634
0.03776402026414871
0.07593782991170883
0.08279482275247574
0.03166346624493599
0.045282475650310516
0.09833624958992004
0.027822429314255714
0.028782429173588753
0.022111335769295692
0.10516739636659622
0.04512212425470352
0.09884671866893768
0.014286919496953487
0.020484860986471176
0.022836174815893173
0.02454683743417263
0.05931071937084198
0.09104320406913757
0.01603585109114647
0.06907455623149872
0.0027175042778253555
0.012966535054147243
0.06981086730957031
0.03527588024735451
0.06600380688905716
0.017119823023676872
0.08308084309101105
0.02183857560157776
0.057601239532232285
0.022793306037783623
0.04227525368332863
0.02444668486714363
0.01595497317612171
0.02278328873217106
0.00998617708683014
0.026156028732657433
0.02600509114563465
0.029757393524050713
0.022297004237771034
0.028914324939250946
0.05884731188416481
0.0012377557577565312
0.02630932629108429
0.03711940720677376
0.014174981974065304
-0.0030453966464847326
0.05776013806462288
0.11527199298143387
0.10079126060009003
0.0006043330649845302
0.04609642177820206
0.04679863527417183
0.07262040674686432
0.0552140474319458
0.004509143065661192
0.004206888843327761
0.02414366602897644
0.042694929987192154
0.06295739114284515
-0.00010088830458698794
0.0317913219332695
0.03570429980754852
0.04288465529680252
0.001399286207742989
0.059997186064720154
0.07721587270498276
0.041383933275938034
0.08423490077257156
0.034615278244018555
0.018835661932826042
0.01852017641067505
0.05285140499472618
0.008456720039248466
0.014429563656449318
0.04715840145945549
0.04061846807599068
0.01864263042807579
0.0007961175288073719
0.026835262775421143
0.022461216896772385
0.03917919099330902
0.041519712656736374
0.09051507711410522
0.046129047870635986
0.012321014888584614
0.016395488753914833
0.04272977262735367
0.05974869057536125
0.00645992299541831
0.028379570692777634
0.07337494939565659
0.13192294538021088
0.04657444730401039
0.030413690954446793
0.03085414692759514
0.017582455649971962
0.04517606273293495
0.012671548873186111
0.05128425732254982
0.05199045687913895
0.05072079226374626
0.08347012847661972
0.06341112405061722
0.015710841864347458
0.08526838570833206
0.003144239541143179
0.02318381518125534
0.07321242243051529
0.024772679433226585
0.056294288486242294
0.049076300114393234
0.019961373880505562
0.009865998290479183
0.08112938702106476
0.03754996135830879
0.025826161727309227
0.009648386389017105
0.08030741661787033
0.03201273828744888
0.019925525411963463
0.017368432134389877
0.047778308391571045
0.06507804244756699
0.026876239106059074
0.03180516138672829
0.03437267243862152
0.037031449377536774
0.0249760951846838
0.09876590222120285
-0.0027008645702153444
0.07693756371736526
0.02034532092511654
0.06779100000858307
0.05259671062231064
0.07002264261245728
0.09237293899059296
0.009133745916187763
0.08272191882133484
0.019665097817778587
0.031515128910541534
0.021379342302680016
0.009818735532462597
0.04134221002459526
0.04415859654545784
0.08755605667829514
0.035567305982112885
0.006308821961283684
0.0007445763912983239
0.05525324493646622
0.040514711290597916
0.01749552972614765
0.0036101248115301132
0.03195296227931976
0.0335383340716362
0.007097733207046986
0.04020553082227707
0.03430657088756561
0.0693153366446495
0.0004276635008864105
0.0882415696978569
0.049318406730890274
0.05539504066109657
0.03193041309714317
0.008042840287089348
0.021725105121731758
0.04507353901863098
0.001794602838344872
0.04139919579029083
0.023057714104652405
0.033128418028354645
0.0476502925157547
0.06648670881986618
0.0038707011844962835
0.07000883668661118
0.06117662787437439
0.004372157156467438
0.0014312044950202107
0.026988644152879715
0.18371723592281342
0.024304524064064026
0.04062652215361595
0.021181918680667877
0.0019331870134919882
0.049546971917152405
0.004024081863462925
0.010658226907253265
0.04209589213132858
0.1071205586194992
0.027988826856017113
0.009311950765550137
0.0397985614836216
0.04352902993559837
0.010594191029667854
0.02780710719525814
0.026338258758187294
0.05711856856942177
0.0080623310059309
0.03202802687883377
-0.001903780153952539
0.04654723405838013
0.08072029799222946
0.0028436677530407906
0.030787335708737373
0.0653160959482193
0.024304542690515518
0.042568739503622055
0.05724108964204788
0.05108768120408058
0.04505370557308197
0.0003974644059780985
0.0607282929122448
0.09131639450788498
0.03537688031792641
0.008095517754554749
0.011162701062858105
0.009955356828868389
0.02125631645321846
0.015315588563680649
0.016251182183623314
0.008830204606056213
0.0175445768982172
0.031058330088853836
0.030098052695393562
0.015060529112815857
0.08282484114170074
0.024373382329940796
0.02170633338391781
0.009369779378175735
0.05572160333395004
0.028213389217853546
0.01151420921087265
0.02844563126564026
0.03432637080550194
0.020036019384860992
0.018474867567420006
0.052841078490018845
0.0033050421625375748
0.10693159699440002
0.08664656430482864
0.025060001760721207
0.002506023971363902
0.025997942313551903
0.01905204728245735
0.006889855954796076
0.03714258596301079
0.010588347911834717
0.022375578060746193
0.036156874150037766
0.02087501622736454
0.022544318810105324
0.029839100316166878
0.12383929640054703
-0.0022576721385121346
0.06967493891716003
0.02771630324423313
0.014950488694012165
-0.00011785268725361675
0.00351567380130291
0.05508899316191673
0.06369110196828842
0.06326604634523392
0.037872329354286194
0.020800821483135223
0.03705351799726486
0.02497253194451332
0.030862797051668167
0.00902528315782547
2.4446742827421986e-05
0.018923267722129822
-0.004930250346660614
0.014047618955373764
0.047992341220378876
0.010369929485023022
0.009989732876420021
0.010845638811588287
0.066416896879673
0.030914103612303734
0.006189701613038778
0.06634663045406342
0.026721714064478874
0.05913382023572922
0.012342794798314571
0.014718418940901756
0.05296874791383743
0.1071312204003334
0.042179521173238754
0.14648312330245972
0.02313694916665554
0.028567418456077576
0.022308651357889175
0.012542826123535633
0.059918198734521866
0.14397859573364258
0.0055092391557991505
0.04330190643668175
0.030546482652425766
0.05283045396208763
0.05836950242519379
0.03825908154249191
0.08036146312952042
0.029724793508648872
-0.0027000498957931995
0.01468618679791689
0.03138960152864456
0.016259076073765755
0.07774848490953445
0.06564773619174957
0.005443978123366833
0.023433318361639977
0.013637915253639221
0.007251102011650801
0.03664051741361618
0.02383890189230442
0.01946321129798889
0.0829702764749527
0.04326305165886879
0.02563088946044445
0.10418087244033813
0.032267048954963684
0.04662575200200081
0.02262282371520996
0.06224646419286728
0.05954718589782715
0.01139243133366108
0.03683635592460632
0.027828512713313103
0.06381554901599884
0.03844626992940903
0.06837040930986404
0.03115486167371273
0.04930585250258446
0.022631919011473656
0.10899233818054199
0.1433437466621399
0.025038866326212883
0.12314444780349731
0.016301175579428673
0.055481672286987305
0.042100388556718826
0.0301354993134737
0.007203042507171631
0.016646720468997955
0.07372274249792099
0.05266030505299568
0.09977059066295624
0.015012004412710667
0.023125439882278442
0.014198403805494308
0.020595908164978027
0.016722312197089195
0.025342736393213272
-0.008986148983240128
0.0357295460999012
0.08428633958101273
0.033201299607753754
0.12249100208282471
0.05112569034099579
0.04928366094827652
0.08351754397153854
0.020022578537464142
0.033083025366067886
0.021899471059441566
0.0062611959874629974
0.0016009886749088764
0.009911577217280865
0.05388661101460457
0.11089254915714264
0.07508880645036697
0.03751697763800621
0.016823051497340202
0.06953626871109009
0.048684507608413696
0.04072120040655136
0.08496513217687607
0.09909694641828537
0.031455185264348984
0.05413818359375
0.039446260780096054
0.022688306868076324
0.010565229691565037
0.051001135259866714
0.01839669607579708
0.026208648458123207
0.04756661131978035
0.043858230113983154
0.03773536533117294
0.03699272871017456
0.022862903773784637
0.03300834447145462
0.023719679564237595
-0.0001907319383462891
0.06182679533958435
0.08067219704389572
0.013835687190294266
0.033230260014534
0.011106500402092934
0.030146116390824318
0.02471010759472847
0.04856423661112785
0.05324602499604225
0.0138511648401618
0.01788555085659027
0.04817493259906769
0.009173248894512653
0.002282611094415188
0.05540100857615471
0.10388322919607162
0.06977467238903046
0.0580446682870388
0.021040061488747597
0.028600431978702545
0.006466071121394634
0.05705418437719345
0.03062555007636547
0.04779168963432312
0.033093418926000595
0.05580776557326317
0.02058207429945469
0.019771233201026917
0.037150345742702484
0.009264246560633183
0.08519108593463898
0.010985272005200386
0.03407320752739906
0.06975128501653671
0.03236490115523338
0.09011230617761612
0.021812226623296738
-7.011142588453367e-05
0.030950911343097687
0.04419823735952377
0.03126223385334015
0.002607150934636593
0.014080270193517208
0.0032612879294902086
0.08644478023052216
0.0480160266160965
0.022227231413125992
0.10074762254953384
0.061675481498241425
0.02121180295944214
0.030425386503338814
0.00023237730783876032
0.03631260618567467
0.03211148828268051
0.056855835020542145
0.04383920878171921
0.013225614093244076
0.05543527007102966
0.02695082500576973
0.018426207825541496
0.07540174573659897
0.07853386551141739
0.03501395136117935
0.018171526491642
0.02054423652589321
0.025219708681106567
0.030494244769215584
0.07217569649219513
0.031470268964767456
0.08093058317899704
0.0664941594004631
0.07325740158557892
-4.950499351252802e-05
0.05700347200036049
0.0463622584939003
0.013113505207002163
0.010669369250535965
0.06984708458185196
0.04958733543753624
0.01832299493253231
0.04036569595336914
0.10122713446617126
0.0355665385723114
0.01558948028832674
0.04527243599295616
0.0090429512783885
0.05961208790540695
0.0005488641327247024
0.00023140459961723536
0.05675922706723213
0.04445502534508705
0.050159793347120285
0.05996553599834442
0.013380466029047966
0.02659265510737896
0.010718012228608131
0.01133523229509592
0.10840222239494324
0.0202503502368927
0.03202793002128601
0.02523632161319256
0.06675993651151657
0.038984693586826324
0.03631572052836418
0.009962504729628563
0.045193154364824295
0.05643264949321747
0.00858411192893982
0.004701580852270126
0.062494661659002304
0.03380636125802994
0.004572717472910881
0.0212465301156044
0.03301267698407173
0.024680977687239647
0.05156790465116501
0.07199324667453766
0.01049428153783083
0.019115855917334557
0.009330435656011105
0.06667904555797577
0.013242212124168873
0.028639163821935654
0.045106351375579834
0.005855194758623838
0.027657238766551018
0.008747351355850697
0.01850019209086895
0.01939827762544155
0.04760447517037392
0.03592320904135704
0.04112967476248741
0.06826964765787125
0.01895030587911606
0.005397435277700424
0.024617113173007965
0.057100359350442886
0.055925801396369934
0.01832067221403122
0.008024852722883224
0.06616251170635223
0.04465309903025627
-0.0031725470907986164
0.023843733593821526
0.026769526302814484
0.013269830495119095
0.04256506636738777
0.0074017527513206005
0.030056919902563095
0.016237230971455574
0.04875737801194191
0.017554398626089096
0.03338339552283287
0.04857318848371506
0.051790714263916016
0.08701572567224503
0.03242860361933708
0.06972408294677734
0.04322575405240059
0.1226004809141159
0.025385214015841484
0.006421555299311876
0.026942245662212372
0.0055711111053824425
0.004975949414074421
0.008538387715816498
0.016098953783512115
0.04858694225549698
0.16674698889255524
0.021949369460344315
0.029523612931370735
0.001754595316015184
0.03906445577740669
0.09593718498945236
0.038657400757074356
0.018282689154148102
0.014164138585329056
0.012785213068127632
0.030298588797450066
0.028728175908327103
0.013682338409125805
0.054994337260723114
0.015429395250976086
0.021287284791469574
0.02221536450088024
0.07288270443677902
0.055109068751335144
0.048466961830854416
0.08366648852825165
0.0034035625867545605
0.008363437838852406
0.0073881736025214195
0.06730286777019501
0.03617570176720619
0.00652949558570981
0.005482413340359926
0.07604169845581055
0.027424441650509834
0.03320063278079033
0.011758549138903618
0.025338174775242805
0.009561792947351933
0.021361110731959343
0.08920224756002426
0.06945933401584625
0.0002720537013374269
0.04331756755709648
0.007337999064475298
0.07301463931798935
0.033686116337776184
0.0075808423571288586
0.04290708899497986
0.016119960695505142
-0.0012137489393353462
0.009583532810211182
0.0823880210518837
0.06991259753704071
0.06665856391191483
0.02988547459244728
0.04285711422562599
-0.002829126548022032
0.11886411160230637
0.06192991882562637
0.04535924270749092
0.03471328690648079
0.006560100708156824
0.0487215630710125
0.060033272951841354
0.007719666697084904
0.0525437667965889
0.012393306940793991
0.024180417880415916
0.03895873203873634
0.03288629278540611
0.0476958192884922
0.013878490775823593
-0.0020588133484125137
0.015979254618287086
0.09764192998409271
0.0359954908490181
0.008220509625971317
0.0208499226719141
0.040237218141555786
0.030145548284053802
0.038196805864572525
0.03253588825464249
0.06475034356117249
-0.005393338855355978
0.07204852998256683
0.043486423790454865
0.09471336007118225
0.03296235203742981
0.0617138147354126
0.07789865136146545
0.035740479826927185
0.057819388806819916
0.025253690779209137
0.11114136129617691
0.0025231451727449894
0.0594746358692646
0.029586337506771088
0.02113453485071659
0.01616344228386879
0.06180417165160179
0.014525393955409527
0.0465896837413311
0.09105456620454788
0.004010622389614582
0.032482314854860306
0.0263858400285244
0.06511551141738892
0.05150141939520836
0.04840625077486038
0.02536753937602043
0.04262697324156761
0.004921258427202702
0.027397511526942253
0.017922600731253624
0.009210515767335892
0.09227165579795837
0.0052186367101967335
0.0323881059885025
0.04353402554988861
0.0049122837372124195
0.05681664124131203
0.04259716346859932
0.0437958799302578
0.06819406896829605
0.0357503779232502
0.046186018735170364
0.0698428675532341
0.06360258907079697
0.03900925815105438
0.07191630452871323
0.03484255075454712
-0.0001713340316200629
0.0010580859379842877
0.06596194207668304
0.020097866654396057
0.06798271834850311
0.039739664644002914
0.03423024341464043
0.02877405285835266
0.04099629819393158
0.07437680661678314
0.011683330871164799
0.05158721283078194
0.02813859097659588
0.05394882708787918
0.06508935987949371
0.055142633616924286
0.0031126432586461306
0.007136951200664043
-0.0017255396815016866
0.06140942871570587
0.0034587800037115812
0.0031966217793524265
0.034485913813114166
0.014479093253612518
0.0038183305878192186
0.09242167323827744
0.02211569994688034
0.06363925337791443
0.07109065353870392
0.010273480787873268
0.061805106699466705
0.02677921950817108
0.03517550975084305
0.028797771781682968
0.0708194300532341
0.022498801350593567
0.035289935767650604
0.09268263727426529
0.03918012976646423
0.01809702254831791
0.03061867132782936
0.060450416058301926
0.03192406892776489
0.027296489104628563
0.009538932703435421
0.07889117300510406
0.022024191915988922
0.01817651093006134
0.04576119780540466
0.05197202414274216
0.042155154049396515
0.0829998105764389
0.028497036546468735
0.014136886224150658
0.03952420502901077
0.05951748788356781
0.04728643223643303
0.02505502477288246
0.039458248764276505
0.02198518067598343
0.026285815984010696
0.028267156332731247
0.04902183637022972
0.044338878244161606
0.015805264934897423
0.007237858138978481
0.008504427038133144
0.10335981100797653
0.025639811530709267
0.09809084236621857
0.05181737616658211
0.05305040627717972
0.036723002791404724
0.09080531448125839
0.06588868051767349
0.07799215614795685
0.00844163540750742
0.08296719938516617
0.05319894105195999
0.007917990908026695
0.015793509781360626
0.039864227175712585
0.05808258801698685
0.07777006924152374
0.02973959408700466
-0.0004191571497358382
0.015782080590724945
0.06512730568647385
0.011146270669996738
0.00903766043484211
0.03790521249175072
0.0289627518504858
0.035147447139024734
0.005814928095787764
0.03861633688211441
0.03789767995476723
0.02100813202559948
0.01280850451439619
0.032012782990932465
0.039603717625141144
0.07279106229543686
0.062158066779375076
0.006918571889400482
0.0652228519320488
0.025279134511947632
0.04834717512130737
0.01121659204363823
0.04232853651046753
0.014237036928534508
0.08603574335575104
0.047479745000600815
0.020923681557178497
0.026827797293663025
-0.002703779609873891
0.012244817800819874
0.02684064954519272
0.02879859134554863
0.08911990374326706
-0.0016557133058086038
0.04263612627983093
0.015202296897768974
0.030703231692314148
0.05889035016298294
0.008911327458918095
0.046689920127391815
0.03593752905726433
0.0030719188507646322
0.002944394014775753
0.06347352266311646
0.012409983202815056
0.009121679700911045
0.015257173217833042
-0.0006128975655883551
0.0452309288084507
0.09705522656440735
0.0369509682059288
0.06897696852684021
0.03885670751333237
0.05662708729505539
0.03191700205206871
0.09066763520240784
0.08529146760702133
0.02278619073331356
0.07277505099773407
0.03258896619081497
0.06084749475121498
0.05033237859606743
0.03309599310159683
-0.00031729970942251384
0.014879404567182064
0.06688981503248215
0.035382095724344254
0.04534755274653435
0.04575599730014801
-0.0017908853478729725
0.059248726814985275
0.008081088773906231
0.005628726910799742
0.022023828700184822
0.035349298268556595
0.040625907480716705
0.039454568177461624
0.018091224133968353
0.03236779943108559
0.00953587144613266
0.027075527235865593
0.02901020646095276
0.05286211147904396
0.05974643677473068
0.08001041412353516
0.03841326758265495
0.06403009593486786
-0.0006673812167719007
0.005311444867402315
0.01539443526417017
0.11878259479999542
0.04964054003357887
0.05088447406888008
0.022632382810115814
0.045222919434309006
0.051586952060461044
0.04966052621603012
0.04540613666176796
-0.0017289308598265052
0.010076417587697506
0.02325751818716526
0.06497153639793396
0.0283486470580101
-0.0025161821395158768
0.038471441715955734
0.01820780336856842
0.017472026869654655
0.03978164866566658
0.06345048546791077
0.06113296002149582
0.027330726385116577
0.061348121613264084
0.01644030772149563
0.03606225922703743
0.011635909788310528
-0.0007392913103103638
0.03608425334095955
0.04292495176196098
0.059554144740104675
0.06241859868168831
0.03351195901632309
0.03055592067539692
0.0006006986368447542
0.0008006167481653392
0.03363469988107681
0.03453424200415611
0.08225436508655548
0.001945085939951241
0.04871712997555733
0.022666720673441887
0.05495153367519379
0.03949360549449921
0.010991349816322327
0.019884413108229637
0.03905004635453224
0.02324908785521984
0.04546366631984711
0.07150690257549286
0.006017270497977734
0.030856236815452576
0.036648645997047424
0.07345305383205414
0.09918782860040665
0.12166719138622284
0.024339796975255013
0.07190779596567154
0.08411458134651184
0.029237423092126846
0.07360923290252686
0.05621076375246048
0.051863718777894974
0.054559025913476944
0.0669020265340805
0.031402263790369034
0.02792423591017723
0.007789783179759979
0.06486552953720093
0.04143383726477623
0.009052975103259087
0.035672761499881744
0.09213104099035263
0.06770335882902145
0.057154759764671326
0.016514820978045464
0.05431978777050972
0.07821664214134216
0.03662794455885887
0.02960411086678505
-0.00015021178114693612
0.03628748282790184
0.0494048185646534
0.01403810828924179
0.01730842888355255
0.10072481632232666
0.013547856360673904
0.017265966162085533
0.02758612483739853
0.006293139420449734
0.004631517920643091
0.04449675977230072
0.0016982920933514833
0.09441042691469193
0.018161606043577194
0.04708736389875412
0.03649422153830528
0.02221166156232357
0.06613558530807495
0.0026146951131522655
0.013307072222232819
0.0007594115450046957
0.0110615910962224
0.03770623728632927
0.022855767980217934
0.03901932016015053
0.01371363177895546
0.05231644585728645
0.029294341802597046
0.0074510518461465836
0.05108339712023735
0.03637198358774185
-0.00035445604589767754
0.1018247976899147
0.01879362016916275
0.04494371637701988
0.02480200305581093
0.03642835095524788
0.06706783175468445
0.02643183059990406
0.049657080322504044
0.009685673750936985
0.03733339160680771
0.03815547004342079
-0.0027129503432661295
0.014503061771392822
0.11422617733478546
0.027731383219361305
0.01581764593720436
0.02646460197865963
0.06401421129703522
0.015624442137777805
0.028353434056043625
0.023025456815958023
0.09352703392505646
0.0865003913640976
0.05454942584037781
0.12892121076583862
0.058585330843925476
0.046861469745635986
0.0519585907459259
0.03414669632911682
0.07064852863550186
0.04801509156823158
0.026973674073815346
0.09405072778463364
0.04545515775680542
0.038516897708177567
0.01437560748308897
0.00029104677378199995
0.043450720608234406
0.020895956084132195
0.05944128707051277
0.027948491275310516
0.03993460163474083
0.020575368776917458
0.16893859207630157
0.030475279316306114
0.07160308212041855
0.010058031417429447
0.03155546635389328
0.07210798561573029
0.0037806681357324123
0.06243106722831726
0.0410982184112072
0.051578130573034286
0.03435172885656357
0.073244109749794
0.046476248651742935
0.08469691127538681
0.044045474380254745
0.0011344908270984888
0.042497191578149796
0.07435273379087448
0.059625446796417236
0.028520764783024788
0.0065484484657645226
0.0199944656342268
0.05281763896346092
0.00738217169418931
0.07879992574453354
0.07017539441585541
0.027025677263736725
0.03001779317855835
0.0019382609752938151
0.07126405835151672
0.007599193137139082
0.05904921144247055
0.012155530974268913
0.0012841253774240613
0.04076027125120163
0.04230226203799248
0.01664300076663494
0.016499947756528854
0.037314802408218384
0.04018694907426834
0.04085051268339157
0.013979022391140461
0.053460411727428436
0.013494972139596939
0.013658713549375534
0.056064046919345856
-0.005297134630382061
0.02265036106109619
0.048277243971824646
0.035508688539266586
0.02787182480096817
0.02265939489006996
0.010889343917369843
0.0015328689478337765
0.039995402097702026
0.0034503061324357986
0.05384170636534691
0.1001892164349556
0.03692105412483215
0.03738658130168915
0.08136114478111267
0.0412297323346138
0.03497970104217529
0.025983557105064392
0.035996224731206894
0.050245653837919235
0.038114771246910095
0.026717541739344597
0.03340494632720947
0.0328601598739624
0.05652448534965515
0.0048982128500938416
0.029592497274279594
0.04048335924744606
0.005737564992159605
0.1284683793783188
0.02989715337753296
0.01689009740948677
0.07542798668146133
0.006344056688249111
0.02526569925248623
0.0011603046441450715
0.025151284411549568
0.018279219046235085
0.0002200906164944172
0.033101797103881836
0.04935852065682411
0.11005322635173798
0.00709866126999259
0.038669753819704056
0.02331092394888401
0.02558044157922268
0.03873877972364426
0.0015651836292818189
0.03979850187897682
0.008346626535058022
0.03465203195810318
0.023614877834916115
0.03421851620078087
0.05037900060415268
0.03559885919094086
0.04842760041356087
0.054176922887563705
-0.0006135898292995989
0.037319887429475784
0.03829208016395569
0.0820707231760025
0.0015410806518048048
0.11331480741500854
0.0537479929625988
0.014617002569139004
0.03129035234451294
0.011655094102025032
0.008583705872297287
0.0632018893957138
0.07654400169849396
0.025083135813474655
0.05051608011126518
0.022474201396107674
0.054406292736530304
0.05730485916137695
0.1266874521970749
0.07470648735761642
0.02842213399708271
0.007723684888333082
0.06735631078481674
0.03288821876049042
0.013980742543935776
0.06634584069252014
0.01747567392885685
0.08455261588096619
0.10170843452215195
0.06470704823732376
0.05814078822731972
0.00325763993896544
0.0013723626034334302
0.0228380486369133
0.044513728469610214
0.04753759875893593
0.02763231098651886
0.060573287308216095
0.019382525235414505
0.037160083651542664
0.03814646601676941
0.02683546207845211
-0.0032229048665612936
0.04860343784093857
0.026371417567133904
0.023049991577863693
0.0073537398129701614
0.060079656541347504
0.0034193266183137894
0.014602814801037312
0.03527979180216789
0.022073742002248764
0.03710314258933067
0.04272563010454178
0.01964269019663334
0.03326553478837013
0.03893475607037544
0.09006714820861816
0.04332578182220459
0.0100459735840559
0.041288748383522034
0.050520773977041245
-0.0005016405484639108
0.0017574161756783724
0.03254976496100426
0.0503850057721138
0.06270337104797363
0.058269914239645004
0.03735406696796417
0.0308912992477417
0.002249649027362466
0.016932157799601555
0.05073237046599388
0.04588792473077774
0.0009976428700610995
0.051798056811094284
0.03075457736849785
-0.0013162821996957064
0.027230912819504738
0.011042696423828602
0.05678987875580788
0.0021440414711833
0.08903802931308746
0.06013736128807068
0.012231471948325634
0.021076295524835587
0.03032400645315647
0.03639254346489906
0.05705540254712105
0.03357194736599922
0.011751051060855389
0.056667741388082504
0.017264224588871002
0.03619004786014557
0.009510803036391735
0.06511121988296509
0.10407806187868118
0.021270858123898506
0.020482446998357773
0.03387419134378433
0.0015988647937774658
0.07531458139419556
0.08406661450862885
0.03477419912815094
0.017453661188483238
0.03694640472531319
0.05357632040977478
0.010084369219839573
0.035397108644247055
0.0901031345129013
0.05129591003060341
0.014390169642865658
0.039903171360492706
0.12656773626804352
-0.0014149630442261696
0.06963485479354858
0.07416081428527832
0.016395628452301025
0.05005614459514618
0.01304180920124054
-0.0005210195668041706
0.03775525465607643
0.01896258257329464
0.09067488461732864
0.017956845462322235
0.04341316595673561
0.029370591044425964
0.023244375362992287
0.05134561285376549
0.031198376789689064
0.03651935234665871
0.03593729808926582
0.04184841737151146
0.046925079077482224
-0.005605974234640598
0.04685991629958153
0.03989096358418465
0.046898309141397476
0.02983389049768448
0.03113347478210926
0.07220976054668427
0.04265577346086502
0.01154869981110096
0.012036018073558807
0.05226343125104904
0.0756160169839859
0.02126317098736763
0.04052932560443878
0.05372944101691246
0.03798053413629532
0.03159059211611748
0.0743238776922226
0.033116381615400314
-0.0014942690031602979
0.06183382496237755
0.049662038683891296
0.1391138881444931
0.028304556384682655
0.012165809981524944
0.001976883038878441
0.021999424323439598
-8.584722672821954e-05
0.044828057289123535
0.05697130784392357
0.05810023471713066
0.06970378756523132
0.08132494986057281
0.03465051203966141
0.04821843281388283
0.022727707400918007
0.04298735782504082
0.04792405292391777
0.03671116381883621
0.02480306103825569
0.043912503868341446
0.06268180161714554
0.015364007093012333
0.0990331619977951
0.022832803428173065
0.012078492902219296
0.03450344130396843
0.013621696271002293
0.021944673731923103
0.06574972718954086
0.01028639730066061
0.0882941335439682
0.07482608407735825
0.0013896824093535542
0.05264720693230629
0.042817484587430954
-0.0002581502194516361
0.06860391795635223
0.05108032375574112
0.0007945926045067608
0.055146001279354095
0.0023053560871630907
0.13242876529693604
0.02945171855390072
0.014426897279918194
0.06466899812221527
0.039205826818943024
0.06294474005699158
0.021642936393618584
0.02492731809616089
0.026451488956809044
0.09189645946025848
0.0076254368759691715
-9.603762737242505e-05
0.029311224818229675
0.10868433117866516
0.0006614322774112225
0.04604730010032654
0.018345970660448074
0.005867269821465015
0.03215279057621956
0.06343796849250793
0.000882561958860606
0.018676288425922394
0.0008648379007354379
-0.00045022470294497907
0.03524809330701828
0.03186801075935364
0.021412817761301994
0.054139599204063416
0.026127971708774567
0.008892652578651905
0.02677851915359497
0.059715330600738525
0.002685567829757929
0.03241298347711563
0.0192782673984766
0.046206410974264145
0.04305965453386307
0.004372186493128538
0.057558491826057434
0.07219202816486359
0.042789824306964874
-0.0021616092417389154
0.010430632159113884
0.10216759890317917
0.03829896077513695
0.020981168374419212
0.010429956018924713
0.015683164820075035
0.003716424573212862
0.04876437783241272
0.02986728399991989
0.04520754516124725
0.003946756012737751
0.05005375295877457
0.14384295046329498
0.02425377257168293
0.032433461397886276
0.011615966446697712
0.12726600468158722
0.05833152309060097
0.03456437960267067
0.044222693890333176
0.038236018270254135
0.04704922065138817
0.005812035873532295
0.003853423288092017
0.03570739924907684
-0.001310101244598627
0.017902934923768044
0.04678569361567497
0.048482805490493774
0.043643444776535034
0.03597709536552429
0.030087655410170555
-0.001597935683093965
0.035141076892614365
0.026295127347111702
0.018167808651924133
-9.434352978132665e-05
0.024535302072763443
0.008482951670885086
0.0023414986208081245
0.06925060600042343
0.05200814828276634
0.004779914394021034
0.029934225603938103
0.028776241466403008
0.01373712345957756
0.01675248146057129
0.01388454157859087
0.011810868047177792
0.010981260798871517
-0.004388801753520966
0.039873156696558
0.03530813008546829
0.04568694904446602
0.03148325905203819
0.019116230309009552
0.010452604852616787
0.048957690596580505
0.0026977534871548414
0.09864789992570877
0.012680216692388058
0.028706206008791924
0.006351720076054335
0.046973101794719696
0.07196006923913956
0.0008221740717999637
0.000852201075758785
0.04692801088094711
0.09077313542366028
0.03751137852668762
0.011367389932274818
0.042673151940107346
-3.3891676139319316e-05
0.027483463287353516
0.04554421082139015
0.0462506078183651
0.04029500111937523
0.02781093493103981
0.05151956155896187
0.03980645164847374
0.03770611807703972
0.03246378153562546
0.03824179247021675
0.0279412679374218
0.007162302266806364
0.03093114122748375
0.03249865770339966
0.050106119364500046
0.013434840366244316
0.08419107645750046
0.04902093857526779
0.0759596899151802
0.07377075403928757
0.035673025995492935
0.08582299947738647
0.02682766690850258
0.0414997860789299
0.046372778713703156
0.04844224080443382
0.0020447615534067154
0.03696846216917038
0.03637733310461044
0.012138561345636845
0.03518575057387352
0.05731860175728798
0.0027603255584836006
0.01500766072422266
0.00975953508168459
0.004771020263433456
0.001774802803993225
0.0044930423609912395
0.009921185672283173
0.03247252479195595
0.07920093089342117
0.020323967561125755
0.005472172517329454
0.059689056128263474
0.03780488669872284
0.10386857390403748
0.027342980727553368
0.05834666267037392
0.00047398576862178743
0.02342858351767063
0.024636438116431236
0.014159726910293102
0.05350324138998985
0.054704081267118454
0.012081369757652283
0.060690417885780334
0.012345339171588421
0.03237504884600639
0.061836641281843185
0.06002015247941017
0.05871780589222908
0.06125399470329285
0.02539667673408985
0.05087807774543762
0.012344860471785069
0.03929804638028145
0.05243658274412155
0.10250109434127808
0.011991290375590324
0.03100789152085781
0.01819857396185398
0.009056526236236095
0.08628813922405243
0.08437475562095642
0.036632977426052094
0.12043572217226028
0.030101647600531578
0.03785937651991844
0.029905281960964203
0.06698565185070038
0.01689996011555195
0.05117339268326759
-0.001259881304576993
0.011470826342701912
0.0644807368516922
0.007123745512217283
0.026033159345388412
0.06045393645763397
0.03849143907427788
0.035771116614341736
0.06879939883947372
0.04434879496693611
0.03708336129784584
0.06088925898075104
0.04119294136762619
0.016789613291621208
0.10055117309093475
0.02563408389687538
0.02249624766409397
0.02731766551733017
0.01244545541703701
0.022784188389778137
-0.0023448048159480095
0.009356231428682804
0.0001359123707516119
0.009073201566934586
0.029796328395605087
0.018943434581160545
0.007361965719610453
0.004075051285326481
0.02661212906241417
0.012790980748832226
0.08366097509860992
0.0015654307790100574
0.006635785102844238
0.008936457335948944
0.09551726281642914
0.04132227972149849
0.026151243597269058
0.0347578227519989
0.021444236859679222
0.023392805829644203
0.032158199697732925
0.015126852318644524
0.016319507732987404
0.060439929366111755
0.0579560287296772
0.02946178987622261
0.05891783535480499
0.0021354241762310266
0.02567427046597004
0.08478774130344391
0.01392327155917883
0.02015228569507599
0.00955283734947443
0.0374414287507534
0.018028724938631058
0.03688931465148926
0.00940318126231432
0.03653685748577118
0.05707472562789917
0.03311740607023239
0.03391610085964203
0.015351599082350731
0.028562437742948532
0.008740085177123547
0.06373754143714905
0.021040314808487892
0.002575458260253072
0.015327490866184235
0.02286595106124878
0.04896894097328186
0.019842786714434624
0.032544977962970734
0.04644278809428215
0.03595089912414551
0.057948216795921326
0.07876608520746231
0.03069557435810566
0.06340312212705612
0.0745706856250763
0.01615135930478573
0.06020670384168625
0.04845154285430908
0.02429206483066082
0.029746223241090775
0.0022559764329344034
0.0470997579395771
0.039408423006534576
0.01747790165245533
0.01576538383960724
0.04024338349699974
0.017233911901712418
0.00937587395310402
0.046256572008132935
0.0009818064281716943
0.06982690840959549
0.021112818270921707
0.03121110424399376
0.0014025502605363727
0.06991452723741531
0.04660158231854439
0.04561693221330643
0.04652906209230423
0.0018744916887953877
0.03454361483454704
0.06060383841395378
0.017064543440937996
0.03015112690627575
0.011598488315939903
0.06572937220335007
0.04804082214832306
0.004762521479278803
0.030242864042520523
0.05785801261663437
0.03260872885584831
0.04218224436044693
0.017017576843500137
0.012017999775707722
0.05555662140250206
-0.000157879592734389
0.03796762600541115
0.04623224213719368
0.09841248393058777
0.07871285080909729
0.021390313282608986
0.007186554837971926
0.09602626413106918
0.0434403195977211
0.037625767290592194
0.01808866113424301
0.0902632623910904
0.07156054675579071
0.06938652694225311
0.005840169731527567
0.06996076554059982
0.02262236550450325
0.02233639359474182
0.04742560163140297
0.01981641910970211
0.02485581859946251
0.06520962715148926
0.02363326959311962
0.003342404728755355
0.044236086308956146
0.0008680633618496358
0.022280221804976463
0.022266075015068054
0.14723457396030426
0.10762564837932587
0.018143342807888985
0.008438600227236748
0.009475667960941792
-0.01353500410914421
0.10586032271385193
0.03717562183737755
0.05639496073126793
0.05105908215045929
0.019617967307567596
0.06655162572860718
0.044709719717502594
0.052271705120801926
0.033034469932317734
0.12623083591461182
0.03908509016036987
0.0181750301271677
0.04825378209352493
0.019248666241765022
0.021794967353343964
0.03850547969341278
0.061987653374671936
0.13620008528232574
0.029696187004446983
0.07661502063274384
0.05380183085799217
0.09790382534265518
0.0010200446704402566
0.06084960326552391
0.02858508750796318
0.022725921124219894
0.017065031453967094
0.03690844774246216
0.015674501657485962
0.04204690083861351
0.014590639621019363
0.022109095007181168
0.012515803799033165
0.008743848651647568
0.04333638772368431
0.01925637759268284
0.032897982746362686
0.051446396857500076
0.02779502421617508
0.05437300726771355
-0.0014611242804676294
0.058151982724666595
0.033183250576257706
0.002471613697707653
0.0183090940117836
0.03551950305700302
0.11171946674585342
0.03469706326723099
0.06627219915390015
0.048430852591991425
0.006016349419951439
0.05710666626691818
0.017428671941161156
0.10367531329393387
0.03959064558148384
0.0542563870549202
0.008120937272906303
0.041045114398002625
0.03013663738965988
0.05008115619421005
0.0832071602344513
0.03432730212807655
0.09628532826900482
0.013247628696262836
-0.0030100883450359106
0.03612862527370453
0.04887858405709267
0.0047212028875947
0.019156208261847496
0.01029149442911148
0.03689751774072647
0.011474138125777245
0.017209477722644806
0.09684489667415619
0.06634874641895294
0.02918485924601555
0.05982983112335205
0.0242681335657835
0.05447397381067276
0.00843820720911026
0.05965159088373184
0.013161410577595234
0.0405244342982769
0.05693385750055313
0.023595185950398445
-0.0008971922798082232
0.05494926869869232
0.04450630396604538
0.01761777698993683
0.08578483015298843
0.03252607583999634
0.06073445826768875
0.018060455098748207
0.06377916038036346
0.026946300640702248
0.04850614815950394
0.028563648462295532
0.04712899029254913
0.021040035411715508
0.031989894807338715
0.05151187628507614
0.033745162189006805
0.00593171501532197
0.07956128567457199
0.056358806788921356
0.001414970844052732
0.014530542306602001
0.006887711584568024
0.02941843681037426
0.07543477416038513
0.03153720498085022
0.027970509603619576
0.01950792968273163
0.034142471849918365
0.015161892399191856
0.03085070475935936
0.010834035463631153
0.03243569657206535
0.05486926808953285
0.014803973957896233
0.014384973794221878
0.018530642613768578
0.02816130593419075
0.08669628947973251
0.02497735247015953
0.010014669969677925
0.001143552944995463
0.057058222591876984
0.03421960026025772
0.05185341462492943
0.0032510829623788595
-0.0018725026166066527
0.022439494729042053
0.007859556935727596
0.0009583113715052605
0.050247058272361755
-0.00185873091686517
0.0248578954488039
0.03958796337246895
0.052453670650720596
0.003760978113859892
0.005437193904072046
0.01268432755023241
0.018800687044858932
0.029718028381466866
0.08169623464345932
0.03130680322647095
0.008342278189957142
0.030483977869153023
0.01822049356997013
0.01761704683303833
0.08795133233070374
0.048790909349918365
0.0037922661285847425
0.05430871620774269
0.06418903917074203
0.027894044294953346
0.03870191425085068
0.0325658954679966
0.11187698692083359
0.06038413569331169
0.01978190615773201
0.0661737471818924
0.04670998454093933
0.0096964742988348
0.0027886212337762117
0.09405229985713959
0.025448547676205635
0.030846331268548965
0.044790882617235184
0.04793114215135574
0.02018469013273716
0.04554736241698265
0.05023232474923134
0.09164281189441681
0.02134508453309536
0.019876843318343163
0.007397891953587532
0.023965949192643166
0.046908434480428696
0.11018442362546921
0.011168142780661583
0.018256718292832375
0.0514153353869915
0.021575821563601494
0.024978693574666977
0.030848266556859016
0.010813464410603046
0.013749945908784866
0.06713738292455673
0.04930146783590317
0.02593841589987278
0.008650576695799828
0.016404081135988235
0.07651817798614502
0.01847805082798004
0.0052043539471924305
0.0072222184389829636
-0.0004900245112366974
0.015041078440845013
0.11686187982559204
0.035098664462566376
0.027440449222922325
0.004690210334956646
0.04451519250869751
0.06600850075483322
0.02556013874709606
0.007857149466872215
0.041115134954452515
0.07507779449224472
0.01364913210272789
0.06693153828382492
0.056650128215551376
0.010503645986318588
0.025250151753425598
0.051725052297115326
0.010918790474534035
0.06077023223042488
0.05038036033511162
0.030268393456935883
0.15780939161777496
0.08937801420688629
0.03769891709089279
0.04106893762946129
0.05224670097231865
0.04286215826869011
0.039435163140296936
0.007204236462712288
0.04596228152513504
0.05283347889780998
0.06726118177175522
-0.000820360379293561
0.04136940836906433
0.03665135055780411
0.05701055750250816
0.009370229206979275
0.010717878118157387
0.02886873111128807
0.06537692248821259
0.0592837929725647
0.024361953139305115
0.027047008275985718
0.010882949456572533
0.025289488956332207
0.11335575580596924
0.023427974432706833
0.010122878476977348
0.03780399262905121
0.037439487874507904
0.004941919352859259
0.08017945289611816
0.020744163542985916
-0.0017395585309714079
0.04337185248732567
0.058383382856845856
0.026214605197310448
0.060568951070308685
0.05795127525925636
-0.004297630395740271
0.03017783723771572
0.032157279551029205
0.06596745550632477
0.06537733227014542
0.02948685921728611
0.05737343430519104
0.012868475168943405
0.004936780780553818
0.057929281145334244
0.023427901789546013
0.042630359530448914
0.004409609362483025
0.03667141869664192
0.06846589595079422
0.02870834991335869
0.003831281792372465
0.05740353465080261
0.010144878178834915
0.025570426136255264
0.0632740780711174
0.08338595926761627
0.0729743167757988
0.033240195363759995
0.032077766954898834
0.004460175521671772
0.0031953202560544014
0.025023330003023148
0.001152546377852559
0.10587145388126373
0.09671211242675781
0.034939851611852646
0.06480904668569565
0.03335273638367653
0.037187330424785614
0.03537127748131752
0.010515197180211544
0.05008380487561226
0.00735029811039567
0.15917567908763885
0.014524433761835098
0.01071188785135746
0.005998949985951185
0.013349187560379505
0.01586216501891613
0.04928092658519745
0.030469106510281563
0.0074660503305494785
0.05458401143550873
0.09823446720838547
0.026402680203318596
0.05788501352071762
0.034101445227861404
0.050574954599142075
-0.0034256586804986
0.023167137056589127
0.042145028710365295
0.025139061734080315
0.020073462277650833
0.07444889843463898
0.042806476354599
0.05537383630871773
0.05185447260737419
0.10217137634754181
0.03990057483315468
0.032410550862550735
0.05154167488217354
0.008053142577409744
0.07085549086332321
0.09031031280755997
0.011913572438061237
0.02293412759900093
0.021989354863762856
0.0280605498701334
0.03134026378393173
0.02901536040008068
0.006387974601238966
0.008676380850374699
0.01967047154903412
0.009677364490926266
0.02322414144873619
0.019926704466342926
0.007080731447786093
0.028041068464517593
0.10121943056583405
0.02325090393424034
0.016872946172952652
0.0224593635648489
0.02674173377454281
0.0044946009293198586
0.019335489720106125
0.028492730110883713
0.011334119364619255
0.01677308976650238
0.05927243083715439
0.040488794445991516
0.04421507194638252
0.01595613919198513
0.047994546592235565
0.03661099821329117
0.05250633880496025
0.029871301725506783
0.02342168800532818
0.036697372794151306
0.014755386859178543
-0.0018805880099534988
0.028632085770368576
0.09956223517656326
0.011038585565984249
0.03111235238611698
0.0097820358350873
0.011781353503465652
0.0656372532248497
0.06885593384504318
0.02893586829304695
0.0563628114759922
0.004327390342950821
0.009093704633414745
0.08568540960550308
0.024704167619347572
0.011053099296987057
0.009797817096114159
0.06326022744178772
0.05970960482954979
0.07994455099105835
0.024579955264925957
0.01336672343313694
0.07053884863853455
0.037744514644145966
0.017755640670657158
0.0576138012111187
0.05410272628068924
0.010960787534713745
0.03913832828402519
0.013093226589262486
0.03441190719604492
0.08963576704263687
0.05671211704611778
0.010704814456403255
0.043422941118478775
0.02268034778535366
0.015613671392202377
0.03374722599983215
0.034643154591321945
0.06022261828184128
0.012839148752391338
0.10452472418546677
0.022631682455539703
0.010010164231061935
0.05340190976858139
0.018519753590226173
0.001519948011264205
0.04946019873023033
0.08422466367483139
0.02343120612204075
0.05345917120575905
0.057321686297655106
0.04842980578541756
0.027150429785251617
0.12816548347473145
0.055725060403347015
0.05643598362803459
0.04318702965974808
0.06698194146156311
0.03709235414862633
0.03548527881503105
0.03637714684009552
0.08659572154283524
0.016397276893258095
0.040719591081142426
0.07392685115337372
0.07173408567905426
0.0054586343467235565
0.0056412541307508945
0.03683502599596977
0.030740607529878616
0.05713110789656639
0.013256760314106941
0.0552779920399189
0.06872093677520752
0.051131658256053925
0.036681413650512695
0.005005579441785812
0.07703940570354462
0.023897532373666763
0.03485003113746643
0.020134449005126953
0.00019882987544406205
0.031162576749920845
0.043457746505737305
0.01871359348297119
0.07848801463842392
0.013340706937015057
0.0753699392080307
0.038773320615291595
0.010869592428207397
0.014001745730638504
0.009401826187968254
0.04117893427610397
0.053308092057704926
0.05876384302973747
0.054517071694135666
0.02917412482202053
0.009673102758824825
0.01188427209854126
0.06989889591932297
0.06082472205162048
0.05870469659566879
0.026790747418999672
0.10915820300579071
0.01772276684641838
0.042427558451890945
-0.001847388339228928
0.06943625211715698
0.030315939337015152
0.07057878375053406
0.0460275299847126
0.043340738862752914
0.0776718407869339
0.01767760142683983
0.026129839941859245
0.03684825077652931
0.100596584379673
0.014498505741357803
0.04382874071598053
0.0033691064454615116
0.006394628901034594
0.022412579506635666
0.07634138315916061
0.07406771183013916
0.0004468409752007574
0.011671522632241249
0.03287786245346069
0.06363438814878464
0.06921570003032684
-0.002072205999866128
0.03322198614478111
0.05745837464928627
0.05337122827768326
0.03111162967979908
0.03743501007556915
0.021998196840286255
0.10862568765878677
0.08680132776498795
0.013823593966662884
0.08683457970619202
0.06954968720674515
0.06319263577461243
0.031163856387138367
0.04533112049102783
0.007141017820686102
-0.002455364912748337
0.007505109533667564
0.0676780715584755
0.026648590341210365
0.03349369019269943
0.03841449320316315
0.04272313788533211
0.03328291326761246
0.05502190440893173
0.02500813826918602
0.09007807075977325
0.007616414688527584
0.07462458312511444
0.025668052956461906
0.0124146593734622
0.01933189295232296
0.01850467547774315
0.021399587392807007
0.052255451679229736
0.05101894214749336
0.0729440450668335
0.051878396421670914
0.051041387021541595
0.02568400278687477
0.007439426612108946
0.02464316226541996
0.03983384743332863
0.05847729742527008
0.12437735497951508
0.03154953941702843
0.030027588829398155
0.019732998684048653
0.03829353675246239
0.02384268306195736
0.04272554814815521
0.09677311778068542
0.0074247512966394424
0.008701859042048454
0.02919217199087143
0.0045434837229549885
0.011731273494660854
0.0029554516077041626
0.019103504717350006
0.041285403072834015
0.03860366716980934
0.007729103788733482
0.012000582180917263
0.01877252385020256
0.03829331696033478
0.09237393736839294
0.03349142149090767
0.03899310901761055
0.015788394957780838
0.04926152527332306
0.05363881215453148
0.004753257147967815
0.0064719803631305695
0.00010258950351271778
0.07968171685934067
0.04119354486465454
0.07940386980772018
0.045507147908210754
0.04589688405394554
0.016253761947155
0.0843653604388237
0.03376422077417374
0.058128394186496735
0.03152536228299141
0.0742398276925087
0.012982231564819813
0.004216363653540611
0.025837432593107224
0.005892071407288313
0.06082352623343468
0.0340195931494236
0.04264095425605774
0.02151450701057911
0.06503690034151077
0.0750344917178154
0.06280772387981415
0.003729499876499176
0.08840222656726837
0.0049332561902701855
0.01475354004651308
0.007660028524696827
0.0720934271812439
0.0072678797878324986
0.028485434129834175
0.008731262758374214
0.0560176707804203
0.08020661771297455
0.04528819024562836
0.00925945769995451
0.06658142805099487
0.04695895314216614
0.055834706872701645
0.016271911561489105
0.03218654915690422
0.07644855231046677
0.055156443268060684
0.09528946876525879
0.037378326058387756
0.04801807180047035
0.05092203617095947
0.015111217275261879
0.012235181406140327
0.012716559693217278
0.07461600750684738
0.06437724828720093
0.011721343733370304
-0.00038432719884440303
0.059609655290842056
0.019030509516596794
0.014946963638067245
0.006681377999484539
0.03268720954656601
0.01894298382103443
0.0033038686960935593
0.08614731580018997
-0.00492154760286212
0.030693307518959045
0.08688300848007202
0.024236595258116722
0.010227042250335217
-0.0007177666993811727
0.007761689834296703
0.0409821942448616
0.02577446587383747
0.07931549847126007
0.04638206586241722
0.030471768230199814
0.007422424387186766
0.030741969123482704
0.011868542991578579
0.02050870656967163
0.06158210709691048
0.03620253875851631
0.029473798349499702
0.004023715388029814
0.028020236641168594
0.046892326325178146
0.002952130511403084
-0.049889981746673584
0.018215488642454147
0.02965160459280014
0.08005877584218979
0.02556413784623146
0.00300328666344285
0.002590374555438757
0.0031952892895787954
0.0050901263020932674
0.07303402572870255
0.010670661926269531
0.06008915230631828
0.07133986800909042
0.04343409836292267
0.034972574561834335
0.0019646594300866127
0.060290224850177765
0.06044505909085274
0.032470472157001495
0.050981443375349045
0.07817184180021286
0.006712038069963455
0.029146285727620125
-0.008117561228573322
-0.0008052972843870521
0.032044362276792526
0.02258164808154106
0.017643598839640617
0.034629326313734055
0.01580025628209114
-0.00015204721421469003
0.052972763776779175
0.017418967559933662
0.013817835599184036
0.02327347733080387
0.018950046971440315
0.0004129697335883975
0.034073784947395325
0.09506683796644211
0.03986728936433792
0.044339556246995926
0.07348641753196716
0.0040675257332623005
0.05836623162031174
0.04020451009273529
0.027523916214704514
0.03207099065184593
0.03522435575723648
0.08079008013010025
0.043550387024879456
0.02406471036374569
0.027698589488863945
0.0430871844291687
0.006635888013988733
0.00019212148617953062
0.015572525560855865
0.008858284913003445
0.005472762044519186
0.002020985586568713
0.019373083487153053
0.04319982975721359
0.019286269322037697
0.0329265296459198
0.07818921655416489
0.01390460878610611
0.004967113491147757
0.01166011393070221
0.0046781813725829124
0.02570873685181141
0.12002099305391312
0.01522570289671421
-0.0005288502434268594
0.02050795592367649
0.035033151507377625
0.021194251254200935
0.046568308025598526
0.07295156270265579
0.056012947112321854
0.0169900543987751
0.03790503740310669
0.08498328924179077
0.0008498876122757792
0.044886451214551926
0.002906928537413478
0.014618629589676857
0.018511297181248665
0.05695827677845955
-0.0016199264209717512
0.04784988984465599
0.039135631173849106
0.06964218616485596
0.02694946527481079
0.06432627141475677
0.07083159685134888
0.007680383510887623
0.028768541291356087
0.0029683082830160856
0.02675158716738224
0.03200439736247063
0.04284040629863739
0.008932449854910374
1.913082269311417e-05
0.06150631979107857
0.02914910949766636
0.06340022385120392
0.024327551946043968
0.06049443036317825
0.03863830864429474
0.003291127737611532
0.012668919749557972
0.09642790257930756
0.04179324954748154
0.01103807520121336
0.02371586486697197
0.07410335540771484
-0.0003930175444111228
0.028317194432020187
0.031294938176870346
0.029811279848217964
0.02823052927851677
0.08409815281629562
0.02052956447005272
0.05679649859666824
0.07743741571903229
0.026906000450253487
0.05300898104906082
0.06271616369485855
0.013233481906354427
0.046992309391498566
0.004112266469746828
0.08030692487955093
0.05994777753949165
0.045823290944099426
0.02657172456383705
0.004437340889126062
0.006081169471144676
0.028784461319446564
0.005773906130343676
0.019440874457359314
0.030797196552157402
0.009131633676588535
0.05250744894146919
0.05820252746343613
0.022358939051628113
0.02120170369744301
0.0009001941652968526
0.0072863358072936535
0.16429410874843597
0.029219310730695724
0.009180677123367786
0.06484264880418777
0.046509820967912674
0.09684216231107712
0.013241879642009735
0.05868092179298401
0.07611823081970215
-0.001754669239744544
0.04887494817376137
0.0264719408005476
0.0638435035943985
0.024949271231889725
0.11018677800893784
0.05882140249013901
-0.000818349071778357
0.02508431486785412
0.019185442477464676
0.062395304441452026
0.028067799285054207
0.03981083631515503
0.03643331676721573
0.05639840289950371
0.019215412437915802
0.01881110854446888
0.10170155763626099
0.08238741755485535
0.010930164717137814
0.04029832407832146
0.01982792094349861
0.0367768295109272
0.06618452817201614
0.038346294313669205
0.043366700410842896
0.030379971489310265
0.028987940400838852
0.06473686546087265
0.026949509978294373
0.01962989754974842
0.055709511041641235
0.02388320490717888
0.02261817455291748
0.018266141414642334
0.026625433936715126
0.03092588484287262
0.047644004225730896
0.011271012015640736
0.02014847844839096
0.032279122620821
0.02212417684495449
0.05981742590665817
-0.00197414169088006
-0.002748396946117282
0.04229914769530296
0.028277169913053513
0.03771667927503586
0.006834839936345816
0.05699894204735756
0.008259841240942478
0.017279628664255142
0.031655535101890564
0.024855362251400948
0.045658353716135025
0.010718487203121185
0.031595826148986816
0.034052878618240356
0.020676663145422935
0.008391527459025383
0.027825672179460526
0.030986061319708824
0.015079800970852375
0.09511882066726685
0.00029989215545356274
0.010286880657076836
0.050779204815626144
0.008357728831470013
0.018907396122813225
0.03381361439824104
0.08681675791740417
0.008745543658733368
0.035698749125003815
0.046735089272260666
0.1116766706109047
0.025791214779019356
0.0831121951341629
0.06135741248726845
0.0015333706978708506
0.018478557467460632
0.053003959357738495
0.014202033169567585
0.03163763880729675
0.05666099861264229
0.08169212937355042
0.08772020787000656
0.04971989616751671
0.023095132783055305
0.03964056819677353
0.06640879064798355
0.02543109841644764
0.03486889600753784
0.014179622754454613
0.02606801688671112
0.031165022403001785
0.003979414701461792
0.0245419442653656
0.02738541178405285
0.016149010509252548
0.03523343428969383
0.035382214933633804
0.02034595049917698
0.03041745536029339
0.008864435367286205
0.03625946119427681
0.020692262798547745
0.03878501057624817
0.02248474210500717
0.019257592037320137
0.03743232414126396
0.03801590949296951
0.0012749610468745232
0.031025007367134094
0.04440337419509888
0.004296241793781519
0.05835830792784691
0.1171107217669487
0.009085197001695633
0.09678240865468979
0.03321320563554764
0.04160603508353233
0.0050819008611142635
-0.002983361016958952
0.035573530942201614
0.012447243556380272
0.04223201051354408
0.011890656314790249
0.04595562070608139
0.08388920873403549
0.025393346324563026
0.003460959065705538
0.02523382008075714
0.03402334451675415
0.06524419784545898
0.014442812651395798
0.008077693171799183
0.023612666875123978
0.015305335633456707
0.02035166509449482
0.004561525769531727
0.07550951838493347
0.0204713623970747
0.020721781998872757
0.04178078845143318
0.034795764833688736
0.05980245769023895
0.037136271595954895
0.04355614632368088
0.060629505664110184
0.03356612101197243
0.04655689001083374
0.04750042036175728
0.01627553440630436
0.012092671357095242
0.022351058200001717
0.09008877724409103
0.06640162318944931
0.0012192842550575733
0.10698911547660828
0.025273894891142845
0.06927964091300964
0.024579299613833427
0.0021591605618596077
0.022356245666742325
0.007001971360296011
0.020070595666766167
0.009924681857228279
0.046433430165052414
0.07009924203157425
0.05883917212486267
0.07195786386728287
0.021929491311311722
0.025639940053224564
0.0672738328576088
0.0021821625996381044
0.028217241168022156
0.03781188279390335
0.02193978801369667
0.07126350700855255
0.040708716958761215
0.04591895639896393
0.006947731599211693
0.010007008910179138
0.03163766860961914
0.06281965970993042
0.038891032338142395
0.042416635900735855
0.017787842079997063
0.036543019115924835
0.047529712319374084
0.04355015605688095
0.052075549960136414
0.02174224518239498
0.017489543184638023
0.008392550982534885
0.0005019010859541595
0.011418813839554787
0.02730153128504753
0.08575122803449631
0.02193516306579113
0.03794455900788307
0.05295721814036369
0.017395470291376114
0.014678330160677433
7.892980647739023e-05
0.0259675532579422
0.03400486707687378
-0.0002694631984923035
0.0482095368206501
0.0656089335680008
0.009882676415145397
0.05663856863975525
0.011877925135195255
0.0452808178961277
0.0182902030646801
0.014093948528170586
0.05016640946269035
0.0851413831114769
0.024561066180467606
0.006750250235199928
0.018540723249316216
0.0564095675945282
0.02525736205279827
0.06224990636110306
0.01934659294784069
0.045987192541360855
0.036945972591638565
0.03944648429751396
0.010415913537144661
0.028140733018517494
0.07639743387699127
0.018145525828003883
0.02624397538602352
0.06915014237165451
0.09402310103178024
0.031144609674811363
0.0115241389721632
0.016916250810027122
0.052180346101522446
0.0763542503118515
0.08706888556480408
0.05378877371549606
0.08681921660900116
0.003098059445619583
0.04897162690758705
0.017492957413196564
0.013953411020338535
0.01017079409211874
0.04437696188688278
0.026433441787958145
0.017938047647476196
0.03811280429363251
0.05803726240992546
0.010625069960951805
0.03745969757437706
0.0404171459376812
0.04961072653532028
-0.0024334201589226723
0.09150387346744537
0.0446302630007267
0.02352815866470337
0.013213695958256721
0.023540183901786804
0.013073951937258244
0.0634903758764267
0.011857995763421059
0.0026272425893694162
0.04246792197227478
0.02222566492855549
0.02997368946671486
0.05612504109740257
0.06866702437400818
0.003287139581516385
0.0007793959230184555
0.007934379391372204
0.02448876202106476
0.022923961281776428
0.011866931803524494
0.023029642179608345
0.03941589593887329
0.09496762603521347
0.006087194196879864
-0.0019431908149272203
0.06935623288154602
0.007442195434123278
0.027795646339654922
0.011630001477897167
0.03791974484920502
0.05221008136868477
0.03597887605428696
0.02361106127500534
0.01907954551279545
-0.0018019723938778043
0.049867819994688034
0.018100779503583908
0.014516240917146206
0.0690273568034172
0.009471344761550426
0.04132077097892761
0.11152570694684982
0.04234079271554947
0.017465773969888687
0.019016476348042488
0.06584005802869797
0.029991377145051956
0.04269028082489967
0.03693946823477745
-0.007825745269656181
0.0001787722430890426
0.005257792305201292
0.0937696173787117
0.04208968207240105
0.01597493886947632
0.046987589448690414
0.03531388193368912
0.06256203353404999
0.0148050831630826
0.04896985739469528
0.000630701775662601
0.033486511558294296
0.13857682049274445
0.03669673576951027
0.06813810765743256
0.03608444333076477
0.03593086823821068
0.017402829602360725
0.03736373782157898
0.009922167286276817
0.05226507782936096
0.04417785257101059
0.043924927711486816
0.037376515567302704
0.07331622391939163
0.00932210311293602
0.03968564420938492
0.03223862498998642
0.03477372229099274
0.020197756588459015
0.04709663614630699
0.007501234766095877
0.04159754887223244
0.08440861850976944
0.0010317626874893904
-0.0012413285439833999
0.09446845948696136
0.03445974364876747
0.03575829789042473
0.021729623898863792
0.019503233954310417
0.02678622677922249
0.08130966871976852
0.06880652159452438
0.053327757865190506
0.04845166951417923
0.04870682582259178
0.057526689022779465
0.02774999476969242
0.01598992943763733
0.01264036726206541
0.028667191043496132
0.011237801983952522
0.08394257724285126
0.05701999366283417
0.032999660819768906
0.041183870285749435
0.046552203595638275
0.05723360925912857
0.05504586920142174
0.013691232539713383
0.03542884439229965
0.041312649846076965
0.06861542910337448
0.05798857659101486
0.05655387043952942
0.04896680265665054
0.04214077442884445
0.02697150595486164
0.02196219563484192
0.03902207687497139
0.024590689688920975
0.13167650997638702
0.06111966446042061
0.046267442405223846
0.056522201746702194
0.05050933361053467
0.012738028541207314
0.03329992666840553
0.021833963692188263
0.022222425788640976
0.07898252457380295
0.023194236680865288
0.03302142024040222
0.0038143291603773832
0.013109318912029266
0.0303150974214077
0.09020955860614777
0.009872951544821262
0.07724171131849289
0.02828149124979973
0.033290136605501175
0.025580793619155884
0.045059237629175186
0.04859360679984093
0.07063620537519455
0.06311123818159103
0.01960907131433487
0.04510518163442612
0.030235785990953445
0.019631223753094673
0.03682538494467735
0.05264771357178688
0.10618001222610474
0.0834590494632721
0.0135022709146142
0.06099788844585419
0.0778706893324852
0.028305871412158012
0.010456101968884468
0.01661454699933529
0.05401180684566498
0.03172409534454346
0.07997233420610428
0.05159749090671539
0.07037358731031418
0.04082152247428894
0.0750802680850029
0.02077225223183632
0.03309255093336105
0.11655532568693161
0.15773560106754303
0.021609868854284286
0.10781648010015488
0.12878230214118958
0.02106822282075882
0.03765827417373657
0.0458601713180542
0.03379017859697342
0.06197774410247803
0.004472210071980953
0.018956830725073814
0.039912089705467224
0.046893347054719925
0.021929612383246422
0.06901676207780838
0.0669490396976471
0.05737261846661568
0.10259988903999329
0.03617045655846596
0.0740363597869873
0.015744058415293694
0.05910599231719971
0.024528279900550842
0.015967536717653275
0.03818494454026222
0.03037075512111187
0.051635462790727615
0.031683001667261124
0.032405395060777664
0.031218307092785835
0.041674043983221054
0.019116150215268135
0.0036592124961316586
0.1115008071064949
0.009627411141991615
0.005562457721680403
0.007117983419448137
0.04872925952076912
0.02729318104684353
0.08799751102924347
0.040052447468042374
0.05705511197447777
0.04217968136072159
0.022073756903409958
0.02377445250749588
0.018602758646011353
0.1699952930212021
0.029795736074447632
0.010229035280644894
0.06209741160273552
0.010936633683741093
0.06899861991405487
0.028972238302230835
0.06226060912013054
3.6593410186469555e-05
0.028400715440511703
0.08749818056821823
0.011638815514743328
0.022247739136219025
0.04525641351938248
0.017751924693584442
0.028077464550733566
0.014496875926852226
0.021306999027729034
0.006896026898175478
0.04764336347579956
0.006542067509144545
0.0045333486050367355
0.010393843986093998
0.04252723231911659
0.0625368058681488
0.01553690992295742
0.0063321879133582115
0.043592650443315506
0.012739078141748905
0.11937925219535828
0.10587979853153229
0.07816189527511597
0.04852592945098877
0.14097841084003448
0.0241007748991251
0.07166063785552979
0.011349701322615147
0.08607075363397598
0.010030931793153286
0.0514746755361557
0.12683026492595673
0.06443151831626892
0.06927788257598877
0.06452072411775589
0.0727996975183487
0.02088293619453907
0.07316645979881287
0.011095141060650349
0.009141933172941208
0.07660084217786789
0.0045354063622653484
0.012232177890837193
0.05918416008353233
0.06165548413991928
0.02614411897957325
0.028782891109585762
0.03722888603806496
0.03355255722999573
0.045549340546131134
0.028467992320656776
0.024696430191397667
0.04372069612145424
0.023752959445118904
0.03676158934831619
0.005148853175342083
0.031103553250432014
0.06979729235172272
0.00441401544958353
0.011642063967883587
0.03587977960705757
0.018427131697535515
0.009118645451962948
0.015550477430224419
0.04296324402093887
0.07198229432106018
0.09686393290758133
0.07214523106813431
0.017717910930514336
0.04697097837924957
0.028690192848443985
0.0053098490461707115
0.14478571712970734
0.04983977973461151
0.06095443665981293
0.08686983585357666
0.005965811666101217
0.060929588973522186
0.005518920719623566
-0.0023646531626582146
0.041899945586919785
0.007734417449682951
0.008481509983539581
0.05334685742855072
0.03225702419877052
0.013835633173584938
0.0009481494780629873
0.007328158710151911
-0.0010083713568747044
0.025729263201355934
0.0668034628033638
0.04773161932826042
0.0301103163510561
0.04591153562068939
0.03312182053923607
0.03145643696188927
0.019988421350717545
0.05574994161725044
0.07316173613071442
0.005586265120655298
0.04797138646245003
0.03294831141829491
0.031274423003196716
0.03581073135137558
0.0653313472867012
-0.010279049165546894
0.01380537636578083
0.03438325226306915
0.08851578086614609
0.09783229231834412
-0.0025470061227679253
-0.0028428714722394943
0.06791328638792038
0.0648740902543068
0.03146229684352875
0.09603643417358398
0.004159906879067421
0.0636381059885025
0.054823242127895355
0.06656190752983093
0.004174167290329933
0.08225605636835098
0.013288269750773907
0.042458776384592056
0.018729785457253456
0.05835815519094467
0.048702649772167206
0.04544861242175102
0.012036521919071674
0.047577790915966034
0.0797431468963623
0.03959624469280243
0.07676977664232254
0.01833965629339218
0.04173671826720238
0.11293380707502365
0.03513658419251442
0.012808864004909992
0.0474894680082798
0.04263780638575554
0.03875251114368439
0.04453383758664131
0.022758949548006058
0.020484846085309982
0.05449594557285309
0.04661386460065842
0.10268103331327438
0.03535621240735054
0.01796794682741165
0.05835990980267525
0.0220269113779068
0.0748550221323967
0.08758824318647385
0.013660382479429245
0.0487857386469841
0.07170834392309189
0.005017692688852549
0.05776439607143402
0.008538218215107918
0.09046420454978943
0.01779985800385475
0.037999752908945084
0.063652403652668
0.032983411103487015
0.024799473583698273
0.026056187227368355
0.04482666030526161
0.08018027991056442
